

#################################################################################################################
                                     Instance Name           Movement (microns)        Orig Loc        New Loc
#################################################################################################################
                  csa_tree_add_125_31_groupi/g7251               21.28       (16.97, 6.72)       (0.17, 11.2)
                  csa_tree_add_125_31_groupi/g7290               17.92       (36.01, 24.64)       (49.45, 29.12)
                                        clk__L1_I0                16.8       (-83.83, -78.4)       (-67.03, -78.4)
                  csa_tree_add_125_31_groupi/g7401               15.68       (16.97, -20.16)       (32.65, -20.16)
                  csa_tree_add_125_31_groupi/g7320               13.44       (-13.27, 20.16)       (-26.71, 20.16)
                  csa_tree_add_125_31_groupi/g7241               11.76       (25.37, 6.72)       (28.17, 15.68)
                   csa_tree_add_125_31_groupi/g489                11.2       (18.09, 2.24)       (15.85, 11.2)
                  csa_tree_add_125_31_groupi/g7350               10.64       (-11.59, 29.12)       (-9.91, 20.16)
                  csa_tree_add_125_31_groupi/g7559                9.52       (54.49, 15.68)       (49.45, 20.16)
                  csa_tree_add_125_31_groupi/g7566                8.96       (-30.07, 20.16)       (-39.03, 20.16)
                  csa_tree_add_125_31_groupi/g7550                8.96       (57.85, 29.12)       (53.37, 33.6)
                  csa_tree_add_125_31_groupi/g7472                8.96       (-2.07, 6.72)       (-6.55, 11.2)
                  csa_tree_add_125_31_groupi/g7351                8.96       (-11.59, 15.68)       (-11.59, 24.64)
                  csa_tree_add_125_31_groupi/g7262                 8.4       (28.73, 6.72)       (32.65, 11.2)
                   csa_tree_add_125_31_groupi/g488                 8.4       (35.45, 6.72)       (39.37, 11.2)
                  csa_tree_add_125_31_groupi/g7556                 8.4       (41.05, 15.68)       (37.13, 20.16)
                  csa_tree_add_125_31_groupi/g7555                6.72       (53.93, 6.72)       (56.17, 11.2)
                  csa_tree_add_125_31_groupi/g7565                6.72       (36.57, -11.2)       (34.33, -6.72)
                   csa_tree_add_125_31_groupi/g493                6.72       (-61.99, -69.44)       (-59.75, -64.96)
                  csa_tree_add_125_31_groupi/g7403                6.72       (27.61, 33.6)       (34.33, 33.6)
                  csa_tree_add_125_31_groupi/g7254                6.72       (41.61, 11.2)       (43.85, 15.68)
                  csa_tree_add_125_31_groupi/g7264                6.72       (-47.99, -64.96)       (-50.23, -60.48)
                                        clk__L2_I0                6.72       (36.57, 2.24)       (34.33, -2.24)
                  csa_tree_add_125_31_groupi/g7246                6.72       (-54.15, -64.96)       (-51.91, -60.48)
                  csa_tree_add_125_31_groupi/g7305                6.72       (44.41, -2.24)       (46.65, -6.72)
                  csa_tree_add_125_31_groupi/g7304                6.16       (38.81, -2.24)       (32.65, -2.24)
                  csa_tree_add_125_31_groupi/g7285                6.16       (22.01, 15.68)       (20.33, 20.16)
                  csa_tree_add_125_31_groupi/g7283                6.16       (16.97, 15.68)       (10.81, 15.68)
                  csa_tree_add_125_31_groupi/g7439                6.16       (-11.03, 6.72)       (-12.71, 11.2)
                   csa_tree_add_125_31_groupi/g487                 5.6       (49.45, 11.2)       (50.57, 15.68)
                  csa_tree_add_125_31_groupi/g7558                 5.6       (16.97, 11.2)       (15.85, 15.68)
                   csa_tree_add_125_31_groupi/g500                 5.6       (52.81, -2.24)       (51.69, -6.72)
                   csa_tree_add_125_31_groupi/g498                 5.6       (34.89, -6.72)       (33.77, -11.2)
                  csa_tree_add_125_31_groupi/g7322                 5.6       (16.97, 24.64)       (15.85, 29.12)
